vrml_assets/mbaflygrid82.ascii
ncols         82
nrows         77
xllcorner     539626.70826682
yllcorner     4033587.1789748
cellsize      887.65432098765
NODATA_value  -9999
[rows 0 to 26 of 77, columns 0 to 60 of 82]
-9999 -9999 -9999 -9999 -9999 -9999 -9999 -9999 -9999 -9999 -9999 -9999 -9999 -9999 -9999 -9999 -9999 -9999 -9999 -9999 -9999 -9999 -9999 -9999 -9999 -9999 -9999 -9999 -9999 -9999 -9999 -9999 -9999 -9999 -9999 -9999 -9999 -9999 -9999 -9999 -9999 -9999 -9999 -9999 -9999 -9999 -9999 -9999 -9999 -9999 -9999 -9999 -9999 -9999 -9999 -9999 -9999 -9999 -9999 -9999 -9999
-9999 -9999 -9999 -9999 -9999 -9999 -9999 -9999 -9999 -9999 -9999 -9999 -9999 -9999 -103.4641 -9999 -9999 -9999 -9999 -9999 -9999 -9999 -9999 -9999 -9999 -9999 -9999 -9999 -9999 -9999 -9999 14.02543 49.37494 88.65265 165.3874 178.9866 315.4439 225.8061 290.424 413.3554 432.295 467.4257 475.4345 482.5372 533.8524 405.0594 218.9885 120.1696 69.41464 144.5777 241.0017 177.6247 153.2199 178.306 199.352 214.2597 243.8624 136.6841 206.0083 192.7588 152.4177
-9999 -9999 -9999 -9999 -9999 -9999 -9999 -9999 -9999 -9999 -9999 -9999 -9999 -9999 -112.4282 -104.8597 -9999 -9999 -9999 -9999 -9999 -9999 -9999 -9999 -9999 -9999 -9999 -9999 -9999 -9999 -9999 -9999 9.127669 65.40251 108.039 208.8988 251.0961 235.9573 160.6923 307.1552 390.2271 420.2758 438.0676 502.4731 467.4585 388.1201 251.423 135.9701 78.86533 117.2392 231.5037 189.9369 177.3762 170.581 220.7224 191.6664 187.3007 159.1166 177.7096 185.3665 134.3444
-9999 -9999 -9999 -9999 -9999 -9999 -9999 -9999 -9999 -9999 -9999 -9999 -9999 -122.2197 -126.7247 -115.7434 -105.2934 -9999 -9999 -9999 -9999 -9999 -9999 -9999 -9999 -9999 -9999 -9999 -9999 -9999 -9999 -9999 -9999 44.88279 87.26931 84.53561 182.2938 97.29017 272.2743 291.6699 361.0428 360.1516 310.3035 410.3585 403.0926 283.9955 189.1328 162.1983 177.1184 86.8177 144.7184 195.1736 232.1353 161.6103 167.3417 202.2735 130.2283 114.7343 205.847 147.3441 93.37443
-9999 -9999 -9999 -9999 -9999 -9999 -9999 -9999 -9999 -9999 -9999 -9999 -118.085 -124.4903 -164.4875 -133.336 -110.306 -9999 -9999 -9999 -9999 -9999 -9999 -9999 -9999 -9999 -9999 -9999 -9999 -9999 -9999 -9999 -9999 16.13457 38.45853 88.02471 147.4747 156.6049 173.2504 222.3738 231.9369 306.3622 222.3074 298.5008 300.1189 300.3364 357.9135 336.2408 278.1026 145.8465 194.661 194.3003 185.1326 157.4379 136.9295 178.765 69.27311 147.0294 177.2257 116.3778 74.45615
-9999 -9999 -9999 -9999 -125.744 -123.9878 -9999 -9999 -9999 -9999 -9999 -9999 -120.7433 -126.7233 -224.5222 -135.6456 -114.849 -9999 -9999 -9999 -9999 -9999 -9999 -9999 -9999 -9999 -9999 -9999 -9999 -9999 -9999 -9999 -9999 -9999 10.19294 43.17487 51.32179 144.883 136.6329 180.4073 177.6154 241.3522 224.8129 280.6623 233.9729 264.2035 264.1797 339.9074 335.2603 93.94225 71.98377 143.8186 156.4113 108.5753 129.6618 90.15663 127.9123 146.8097 157.3419 103.4752 40.96587
-9999 -9999 -132.8951 -9999 -129.6612 -129.0081 -126.8132 -124.8019 -9999 -121.2823 -121.1426 -122.4069 -124.4161 -134.3715 -292.4173 -221.2663 -116.3964 -112.0523 -9999 -9999 -9999 -9999 -9999 -9999 -9999 -9999 -9999 -9999 -9999 -9999 -9999 -9999 -9999 -9999 -9999 -9999 25.48081 82.00663 125.2157 137.5807 115.5907 175.4724 208.5446 204.0378 283.2096 256.5924 300.4214 284.7938 284.1659 294.0045 135.2642 56.74271 133.3703 101.8667 77.97149 40.45179 84.24804 80.58099 74.98362 81.95242 34.5367
-179.5317 -160.3099 -146.6955 -9999 -135.3987 -132.73 -131.5188 -130.8806 -129.548 -128.2422 -127.317 -127.7832 -132.5668 -183.2085 -369.7856 -152.9038 -117.0774 -114.2556 -113.5245 -106.6627 -108.5887 -103.4139 -97.58864 -92.2589 -86.93124 -80.31654 -77.95145 -73.34961 -65.08355 -59.84048 -58.01875 -51.71985 -47.2724 -40.58731 -32.59479 -22.30441 -14.94189 28.07432 75.05769 91.68185 127.2288 127.3399 166.9828 167.5214 212.8832 214.9126 265.8692 249.1324 235.0591 249.0415 205.902 70.47682 86.18564 69.30307 52.44352 54.85396 70.39078 77.2561 87.27244 67.23106 29.97056
-238.4433 -210.1927 -186.5816 -167.8194 -155.0905 -145.7662 -139.8767 -137.5016 -135.5864 -135.7377 -136.857 -142.7112 -173.1326 -346.1753 -247.8013 -122.8716 -119.9392 -117.7797 -116.0966 -113.8714 -111.5597 -104.7491 -98.86068 -94.34158 -90.57639 -82.65184 -82.47643 -72.3667 -70.38178 -65.80248 -62.51126 -58.05642 -51.2329 -45.60352 -37.06863 -30.21258 -21.65995 -12.47973 10.46996 68.03984 53.43494 149.168 171.2356 156.2805 125.2306 178.2016 203.4519 195.2831 177.6562 199.23 179.6429 54.37547 8.813613 36.11097 43.25034 47.71434 39.85846 44.4682 51.25623 42.23327 47.87532
-298.9921 -272.5151 -246.6437 -222.9546 -202.9405 -186.0389 -172.9866 -163.3187 -155.8669 -151.1739 -152.0781 -176.9736 -369.7312 -372.8775 -156.2666 -126.625 -122.7864 -123.7091 -124.1443 -119.981 -114.4489 -110.099 -102.8973 -101.8162 -93.23551 -89.2481 -80.77044 -80.63584 -76.14853 -70.17003 -64.63152 -62.37495 -58.48822 -51.76412 -46.42939 -39.06427 -31.08513 -24.4326 -15.14697 4.340947 25.74895 80.10299 102.1987 127.5236 169.9453 180.1578 147.6909 163.4641 135.2404 133.4266 135.4386 55.47914 7.110482 5.016301 23.42333 24.02645 22.19283 33.59652 33.59772 30.53945 34.64163
-358.1156 -335.6112 -310.4066 -287.1232 -266.4195 -243.0767 -224.529 -209.7096 -197.5657 -188.2704 -189.8701 -274.0839 -594.0829 -252.3402 -164.9902 -145.8356 -136.851 -134.9035 -177.1388 -194.2847 -116.0942 -112.8 -105.9456 -98.4053 -94.89479 -92.11553 -90.46417 -84.08326 -81.01566 -77.05189 -71.86549 -67.39467 -62.6417 -58.71908 -52.61174 -47.59222 -41.29673 -34.04018 -27.12303 -17.96524 2.267402 7.471459 57.37683 63.93584 97.60443 109.0553 114.354 104.0062 107.7381 100.4297 87.09066 58.41153 13.68189 4.768963 19.28468 9.472608 21.2874 26.9475 27.26765 30.54976 22.51085
-422.5905 -400.5877 -375.6075 -351.0968 -327.5189 -304.1575 -284.6488 -268.1412 -252.9939 -240.6399 -249.819 -555.1039 -534.6388 -237.3898 -195.2859 -178.3555 -165.1656 -163.6175 -256.1151 -262.0638 -120.447 -118.717 -111.1767 -105.9855 -102.1848 -98.20454 -94.50854 -91.35929 -86.37035 -84.61443 -79.03597 -73.17875 -68.65378 -66.34279 -60.51061 -54.63844 -50.82185 -46.16199 -36.78751 -29.67352 -23.04882 -12.34257 11.43883 12.8754 39.84825 57.66762 38.08846 37.68391 80.88018 56.21657 69.42835 25.18282 5.59562 3.875952 8.809835 1.776013 14.434 19.12164 17.2809 22.20678 -9.013435
-493.1371 -469.9855 -441.4557 -415.2193 -388.1486 -364.3194 -347.0113 -332.5674 -320.3828 -314.9166 -389.8119 -689.5047 -507.7625 -254.4043 -231.5215 -217.5235 -205.1495 -234.2282 -427.791 -247.4542 -131.3122 -124.9678 -119.43 -113.1276 -106.4924 -101.759 -95.99143 -95.40787 -92.36531 -86.07244 -85.36958 -80.0885 -76.06776 -70.66984 -66.16264 -62.59832 -56.92559 -52.79861 -47.9931 -40.50455 -34.38493 -27.05532 -19.21409 -8.273088 5.513711 25.96779 12.79623 14.85731 23.39972 30.43012 24.22583 14.47232 11.86925 -3.186031 -7.109737 -6.238887 0.04002079 12.78499 13.29207 -3.485265 -11.01689
-566.5762 -542.028 -526.8159 -498.0958 -448.1067 -420.8358 -401.0415 -389.7973 -390.4428 -433.3696 -620.1564 -830.7969 -456.3696 -292.1268 -276.6844 -276.6844 -319.0995 -557.8762 -454.6615 -207.5733 -152.4451 -133.4715 -127.6678 -121.4812 -116.1691 -106.5749 -100.8506 -96.01941 -95.30598 -91.62538 -87.41642 -85.65945 -82.06362 -77.2911 -72.38467 -68.47326 -65.03685 -59.4626 -55.92733 -51.67768 -45.11763 -39.196 -33.0058 -26.75689 -18.81252 -10.72699 -8.350726 2.647825 11.91948 8.947192 10.51454 4.800449 5.194455 -7.096858 -13.18973 -12.56725 -11.75584 -10.14742 -7.020155 -12.82844 -16.01816
-701.4831 -628.2315 -685.3772 -571.4786 -516.2849 -480.1463 -455.299 -447.4875 -497.5228 -718.7208 -919.3361 -810.0531 -415.653 -347.9368 -335.686 -393.1249 -655.673 -627.8928 -277.6295 -211.908 -184.965 -160.4405 -139.3683 -130.1553 -125.0948 -114.4599 -107.626 -101.1885 -96.75745 -93.30766 -89.02029 -86.68384 -86.3892 -82.45552 -77.60351 -74.08318 -70.88569 -66.6782 -61.74828 -58.60008 -55.42301 -50.92805 -46.60985 -40.56497 -32.84027 -29.31791 -25.03308 -19.0874 -15.03609 -14.41937 -14.32813 -15.79419 -14.84409 -16.9705 -17.49907 -17.00221 -15.55132 -15.05829 -17.124 -19.22749 -20.8101
-792.4279 -774.5197 -748.9896 -651.7019 -613.6261 -546.6519 -516.8815 -534.4503 -772.2528 -1069.866 -875.1811 -619.9246 -431.8409 -415.821 -424.7505 -609.7838 -854.2092 -552.1484 -357.0411 -239.8688 -215.6924 -198.8086 -173.889 -149.3603 -134.5508 -127.1508 -114.8709 -106.7298 -96.3815 -93.28821 -91.57507 -89.79228 -86.81721 -87.93689 -84.08591 -78.88963 -76.16103 -72.14105 -68.72213 -65.69935 -60.79805 -56.72484 -54.0904 -51.06908 -46.38835 -41.01445 -37.86878 -33.54074 -30.66347 -27.57526 -23.41238 -20.94933 -21.06338 -22.02775 -21.56008 -21.15855 -20.66087 -21.5734 -22.89805 -23.8988 -23.72344
-848.8346 -923.9617 -845.8265 -755.3745 -672.6161 -635.0693 -665.5577 -819.8074 -1123.951 -995.9761 -658.6124 -498.5907 -488.9825 -540.0577 -639.8046 -869.9367 -832.388 -542.3403 -392.3697 -286.145 -245.3428 -234.3985 -224.3502 -201.365 -168.477 -150.3241 -156.9159 -118.442 -99.7262 -93.31721 -93.17629 -92.23595 -89.90058 -88.20722 -86.64032 -85.26261 -81.00574 -77.93566 -75.16679 -71.24353 -67.96506 -64.83492 -58.98547 -55.75589 -52.55243 -49.77262 -44.54823 -41.18678 -36.93447 -33.61078 -32.1261 -30.44998 -28.96637 -26.69083 -27.8705 -26.912 -26.73421 -26.11097 -26.19423 -26.281 -25.91538
-1027.723 -1031.463 -896.9641 -881.9326 -786.2916 -730.0107 -813.6198 -1138.674 -1277.131 -975.1316 -728.4473 -552.9941 -582.7886 -747.8033 -917.3084 -994.5613 -722.9808 -491.4026 -386.6003 -333.5944 -292.972 -275.9384 -284.5315 -299.8471 -244.0879 -270.5132 -347.5558 -156.825 -122.6903 -109.2442 -103.9854 -97.61157 -89.7906 -89.80639 -90.67628 -88.59927 -87.55759 -83.09458 -79.15173 -75.41982 -73.29153 -68.26309 -66.9168 -62.32648 -57.18209 -52.99966 -50.97775 -47.25823 -45.18737 -41.65577 -37.40055 -35.06127 -34.71754 -34.30356 -31.58792 -29.96318 -30.58691 -29.78171 -28.22684 -27.56869 -27.09124
-1165.718 -1114.326 -1057.125 -954.1637 -924.023 -927.6028 -872.5423 -1057.527 -1351.928 -1106.021 -830.5677 -645.0409 -702.4853 -933.7448 -1073.366 -980.3324 -693.0568 -519.3768 -433.892 -391.3711 -363.1417 -352.4128 -389.2057 -374.2582 -301.177 -473.4091 -461.1856 -237.6746 -149.3713 -126.6703 -115.3579 -103.9276 -98.25341 -95.10552 -92.26875 -94.60509 -88.94996 -87.88203 -85.58112 -81.70501 -77.62434 -73.91276 -71.3109 -67.02138 -64.21757 -61.28309 -55.40347 -51.97195 -49.31097 -47.88791 -45.03394 -41.9923 -38.84661 -36.59055 -35.08045 -32.16435 -32.42337 -30.76163 -29.68183 -29.92762 -29.80799
-1248.252 -1215.899 -1124.629 -1085.649 -1053.038 -1077.395 -1092.003 -1144.593 -1462.238 -1272.645 -944.0914 -811.4097 -732.7878 -866.5834 -1231.679 -995.0643 -938.1185 -802.2338 -606.8525 -510.6061 -466.3899 -483.1322 -542.8959 -398.2464 -400.5923 -564.1443 -618.521 -347.8947 -335.9448 -214.7294 -166.1117 -121.5336 -105.3658 -100.6285 -99.40014 -99.18549 -96.81469 -93.09704 -88.17065 -87.69061 -84.76321 -80.32951 -76.00016 -74.15291 -71.0038 -67.62103 -65.14938 -60.09823 -56.19615 -51.22472 -47.22187 -44.43784 -42.53282 -39.25604 -37.28347 -35.73116 -34.32898 -32.5934 -31.03193 -31.04307 -31.27153
-1364.595 -1255.169 -1198.509 -1162.831 -1198.277 -1169.496 -1286.748 -1334.881 -1567.263 -1386.549 -1052.273 -899.9399 -968.0999 -1006.63 -1134.392 -1275.313 -1200.284 -1062.283 -900.3892 -738.5209 -640.5745 -657.8062 -508.076 -467.4892 -571.2373 -644.9739 -745.5511 -487.4981 -507.372 -402.1243 -284.9559 -183.2161 -123.6787 -107.6815 -108.0135 -105.22 -99.95932 -96.9635 -95.51667 -91.68082 -88.02913 -85.89841 -85.53905 -79.18682 -75.62414 -73.90799 -70.67877 -66.61797 -64.6274 -59.65267 -54.99281 -52.57928 -48.69854 -45.10647 -41.86531 -38.94852 -37.93358 -34.73685 -33.50614 -34.18245 -31.96777
-1416.14 -1320.832 -1268.25 -1232.455 -1313.209 -1286.447 -1493.454 -1545.823 -1652.772 -1405.87 -1118.729 -1095.669 -1142.957 -1186.74 -1172.591 -1299.869 -1360.461 -1283.627 -1049.717 -891.5146 -733.2011 -568.5806 -533.3538 -654.5215 -663.0349 -870.9675 -870.4064 -674.3155 -686.7573 -593.9997 -365.715 -203.7168 -141.9134 -129.2693 -116.9027 -102.3204 -102.8864 -99.55613 -99.6189 -97.37009 -93.74068 -90.82809 -87.90153 -85.33634 -82.27704 -79.24594 -76.60243 -75.46864 -70.92952 -66.61485 -64.19765 -60.70752 -53.58989 -50.95014 -47.86033 -44.30027 -42.53705 -40.06013 -37.15592 -37.86771 -36.21338
-1413.318 -1364.933 -1338.783 -1328.359 -1400.193 -1428.065 -1622.286 -1690.637 -1684.14 -1341.116 -1322.173 -1295.921 -1345.237 -1347.609 -1286.675 -1294.444 -1377.241 -1375.178 -1136.012 -842.9957 -594.7491 -537.8011 -570.3194 -858.1944 -878.4315 -1005.737 -946.046 -817.623 -788.31 -575.3248 -478.2732 -340.8755 -246.0955 -249.9829 -213.9413 -120.6847 -110.9236 -106.285 -100.5464 -99.13864 -96.1956 -93.65395 -91.55402 -88.76349 -87.31921 -84.91005 -80.45466 -78.09192 -74.91944 -72.30605 -69.3136 -67.10123 -62.9613 -59.75483 -55.54443 -54.62642 -51.72721 -50.29509 -49.43891 -48.8318 -45.31657
-1471.657 -1434.287 -1407.739 -1439.564 -1459.881 -1561.924 -1729.454 -1793.378 -1540.432 -1536.575 -1440.038 -1481.524 -1450.696 -1399.889 -1294.876 -1303.075 -1417.987 -1446.883 -1230.852 -955.7975 -650.4702 -585.603 -630.1405 -959.311 -1120.376 -1064.18 -968.801 -980.7546 -693.3738 -684.928 -612.9779 -463.5312 -384.1326 -479.3604 -379.0766 -182.6679 -135.5757 -116.6856 -107.889 -103.0562 -99.03815 -96.12388 -91.91607 -91.62112 -89.91871 -88.87672 -87.48958 -84.53963 -80.48353 -76.69191 -75.16179 -72.91203 -69.26438 -67.50742 -64.94874 -61.7717 -62.3765 -62.66331 -69.70089 -68.99073 -63.09617
-1529.542 -1518.774 -1499.501 -1561.494 -1542.928 -1750.112 -1847.618 -1762.455 -1607.296 -1615.974 -1525.017 -1580.487 -1526.207 -1440.272 -1341.147 -1383.118 -1497.828 -1523.127 -1251.87 -944.5231 -696.4966 -676.0436 -845.935 -1159.72 -1209.196 -1162.373 -1078.038 -856.7336 -829.3524 -768.6091 -602.744 -584.1717 -686.5502 -731.6432 -484.8181 -454.622 -225.3461 -135.4762 -120.2445 -110.8076 -100.3176 -100.4813 -96.54372 -94.11417 -93.05482 -90.71095 -88.08346 -88.21532 -87.11767 -84.33137 -80.1203 -77.97801 -75.41539 -74.38395 -72.97408 -72.35123 -73.75835 -72.31683 -83.93675 -105.9638 -81.97503
-9999 -1576.154 -1592.791 -1684.227 -1641.025 -1849.524 -1879.5 -1684.262 -1668.839 -1727.474 -1668.361 -1649.456 -1566.429 -1492.185 -1500.451 -1521.886 -1573.645 -1542.472 -1211.391 -874.7436 -761.6454 -816.6673 -1147.986 -1316.275 -1244.963 -1089.981 -879.8208 -916.761 -1009.166 -861.9099 -712.2285 -806.6274 -918.5687 -752.5129 -678.0608 -565.8854 -374.7579 -195.3734 -181.0927 -120.0977 -108.1261 -103.157 -99.83678 -97.64264 -95.35395 -93.75266 -93.12749 -90.29805 -89.69954 -89.63776 -87.00495 -83.61865 -80.48128 -80.32909 -78.47006 -80.24121 -79.2416 -81.8657 -92.03526 -159.7917 -98.70967
-9999 -1656.994 -1704.673 -1670.561 -1723.736 -1934.851 -1848.823 -1782.809 -1824.177 -1784.715 -1689.743 -1558.188 -1529.935 -1629.478 -1645.802 -1697.745 -1625.495 -1345.839 -1093.403 -921.5447 -845.6302 -880.3969 -1146.37 -1390.155 -1330.441 -1127.318 -939.4141 -1072.997 -1081.208 -869.1917 -932.248 -1043.239 -993.4062 -933.3913 -815.9854 -550.6005 -366.5531 -246.8134 -313.7915 -151.343 -116.0675 -109.6859 -104.5064 -101.596 -98.89766 -98.12044 -96.26012 -95.54229 -92.85947 -90.81173 -89.55732 -89.65318 -89.22865 -85.5825 -84.15314 -85.57213 -87.34068 -89.049 -102.0545 -232.5502 -119.6509
