vrml_assets/mbaflygrid82.ascii
ncols         82
nrows         77
xllcorner     539626.70826682
yllcorner     4033587.1789748
cellsize      887.65432098765
NODATA_value  -9999
[rows 27 to 53 of 77, columns 0 to 60 of 82]
-9999 -1747.54 -1780.51 -1652.056 -1738.777 -1996.622 -1920.627 -1897.54 -1847.75 -1685.922 -1592.778 -1620.396 -1696.056 -1761.832 -1754.078 -1734.659 -1545.565 -1241.847 -1132.812 -999.8286 -912.6633 -961.8502 -1143.971 -1469.538 -1387.801 -1186.305 -1108.913 -1229.457 -1081.587 -1107.939 -1177.343 -1234.027 -1086.806 -898.5466 -699.9748 -503.7448 -400.5192 -385.9171 -360.7643 -221.6072 -126.6601 -114.3025 -109.7582 -106.0083 -103.0754 -101.0968 -100.1854 -96.84447 -95.83429 -94.21494 -95.06518 -90.81187 -89.99265 -90.82763 -88.07079 -89.24662 -91.38505 -91.62608 -213.3858 -232.3364 -91.09954
-9999 -1832.229 -1766.781 -1693.756 -1667.303 -2020.701 -1966.363 -1869.403 -1812.343 -1797.371 -1670.411 -1692.937 -1786.041 -1824.174 -1799.518 -1674.947 -1519.546 -1366.166 -1180.529 -1051.151 -1015.478 -1072.716 -1244.438 -1523.341 -1491.62 -1320.266 -1307.315 -1370.848 -1252.402 -1329.642 -1325.252 -1088.992 -925.6746 -765.19 -679.1869 -552.3525 -462.1423 -565.7269 -335.4187 -266.2095 -147.6199 -121.6653 -115.955 -112.3209 -109.2753 -104.9691 -101.4182 -99.47355 -99.4376 -98.85555 -95.4011 -93.28287 -92.34509 -90.42093 -89.53157 -90.66297 -106.8761 -217.131 -346.8568 -152.3782 -89.3762
-9999 -1869.301 -1766.984 -1753.565 -1750.082 -2009.182 -2033.814 -1925.564 -1880.506 -1838.733 -1799.026 -1818.937 -1875.616 -1859.569 -1797.793 -1629.332 -1453.047 -1320.228 -1227.71 -1177.069 -1191.013 -1341.978 -1399.107 -1532.724 -1558.118 -1450.944 -1458.651 -1466.629 -1441.014 -1395.061 -1253 -1135.119 -1082.382 -965.0027 -809.4712 -600.2174 -590.2487 -558.3471 -338.6856 -348.561 -219.1439 -137.2033 -123.1903 -117.2759 -111.9683 -107.4731 -105.5052 -102.7971 -101.1136 -100.1651 -97.17062 -92.45146 -92.73258 -90.23472 -94.76643 -138.6713 -379.4496 -434.3115 -252.4651 -93.51807 -87.04593
-9999 -1874.099 -1826.135 -1827.63 -1855.043 -1987.617 -2103.341 -1955.91 -1924.237 -1884.47 -1912.617 -1943.904 -1918.85 -1829.89 -1643.429 -1538.848 -1393.614 -1316.729 -1280.018 -1287.086 -1344.124 -1490.692 -1549.172 -1569.494 -1601.79 -1553.823 -1535.927 -1502.357 -1370.155 -1257.092 -1115.207 -987.7529 -834.0393 -765.0488 -877.2438 -763.7961 -711.8362 -498.9656 -364.7364 -417.2712 -324.0517 -186.9231 -151.2785 -130.1508 -116.2716 -111.238 -107.3108 -107.7652 -102.9406 -100.1894 -97.834 -96.59834 -93.89422 -91.42896 -123.3992 -337.6616 -529.7816 -294.0724 -94.07404 -89.52893 -88.59395
-9999 -1849.265 -1850.788 -1870.045 -1919.69 -2052.642 -2127.523 -2034.501 -1960.482 -1975.227 -2000.674 -1983.058 -1885.815 -1777.619 -1671.198 -1533.521 -1421.075 -1365.176 -1343.913 -1419.523 -1505.88 -1615.37 -1663.571 -1676.281 -1678.6 -1591.635 -1407.561 -1160.843 -1003.368 -900.8222 -833.3164 -755.5938 -712.9507 -627.2633 -572.3265 -564.3777 -487.6129 -417.8589 -414.8665 -479.266 -440.5002 -313.8231 -226.9215 -151.2493 -138.3521 -127.9722 -129.0729 -171.0825 -107.296 -98.46777 -97.05943 -100.7457 -157.986 -295.7513 -416.4347 -411.8431 -561.3645 -282.6043 -96.03822 -94.54142 -92.78965
-9999 -1914.079 -1889.503 -1961.086 -2030.915 -2030.181 -2127.348 -2128.547 -2058.209 -2070.459 -1985.834 -1886.084 -1769.392 -1674 -1605.9 -1516.176 -1459.203 -1425.407 -1419.912 -1541.385 -1667.326 -1660.448 -1697.333 -1742.025 -1720.147 -1447.607 -1200.356 -960.6068 -873.6015 -819.6733 -747.1164 -681.4915 -623.11 -577.1878 -526.2252 -470.5314 -442.1315 -434.4598 -494.9727 -592.2501 -516.309 -419.9502 -278.8737 -231.4825 -196.1184 -188.6711 -224.3015 -466.9362 -299.4901 -129.8519 -103.3386 -307.5548 -463.4019 -536.3618 -561.8722 -483.1536 -616.5277 -313.7808 -107.3559 -122.9273 -239.2912
-9999 -1967.578 -1948.54 -1986.373 -2120.717 -2129.447 -2153.792 -2186.835 -2122.013 -2006.48 -1839.674 -1763.996 -1710.684 -1669.443 -1639.341 -1576.676 -1516.508 -1507.362 -1540.955 -1621.656 -1749.735 -1742.338 -1756.363 -1751.679 -1560.09 -1251.226 -1091.353 -945.8043 -862.2473 -792.4585 -719.867 -664.1346 -604.1748 -555.012 -515.8154 -484.4161 -463.5547 -477.2198 -619.391 -716.5375 -657.8809 -545.7015 -382.1129 -348.4218 -338.7243 -346.2611 -416.3418 -650.1245 -591.9241 -240.5484 -163.6729 -527.6332 -577.95 -722.6697 -681.2229 -658.5352 -577.8516 -346.5632 -287.6565 -330.6767 -454.7884
-9999 -2007.773 -2003.791 -2020.927 -2088.125 -2181.867 -2205.504 -2211.685 -2118.797 -2006.359 -1952.562 -1803.174 -1767.33 -1707.692 -1678.343 -1657.875 -1640.837 -1633.853 -1713.986 -1760.031 -1797.432 -1803.247 -1799.386 -1675.185 -1419.89 -1313.2 -1087.338 -939.6412 -856.8291 -779.9343 -716.0126 -667.3815 -619.2919 -575.1191 -538.4672 -507.8564 -492.7896 -528.6785 -746.9183 -813.6767 -799.2405 -748.7244 -535.8816 -479.6522 -494.5107 -606.1954 -621.9446 -796.729 -736.6859 -425.2682 -302.1385 -609.1675 -918.5475 -1024.131 -904.1252 -901.5847 -631.0123 -511.0036 -515.7929 -550.325 -700.1509
-9999 -2071.542 -2080.199 -2111.223 -2147.821 -2201.649 -2233.747 -2227.266 -2135.963 -2034.951 -1942.198 -1871.463 -1828.799 -1758.987 -1727.642 -1703.615 -1688.616 -1761.068 -1807.774 -1880.851 -1855.707 -1844.599 -1756.684 -1571.71 -1296.858 -1159.119 -1097.528 -944.5326 -861.3206 -789.6742 -733.558 -685.6891 -644.2084 -608.2737 -576.1735 -551.201 -539.6366 -568.7737 -805.3347 -929.9297 -915.7758 -916.4946 -846.7631 -701.7726 -649.1388 -822.1125 -844.5062 -965.5535 -736.5844 -549.2886 -470.8985 -878.2751 -1057.411 -923.6767 -933.3111 -914.3806 -918.6188 -800.5405 -613.9287 -747.6743 -640.598
-9999 -2121.032 -2146.442 -2173.529 -2207.88 -2237.686 -2256.489 -2243.644 -2173.113 -2088.208 -1987.29 -1934.577 -1859.273 -1806.946 -1775.514 -1734.733 -1783.233 -1847.579 -1901.612 -1923.667 -1911.923 -1801.258 -1608.765 -1433.678 -1237.53 -1127.728 -1036.325 -953.6217 -878.003 -808.6407 -757.5937 -716.3503 -678.8517 -648.0936 -623.3547 -608.4805 -605.7555 -628.2853 -785.8922 -1013.217 -1011.191 -1101.202 -1118.748 -936.6452 -849.806 -950.8964 -1096.42 -1005.209 -801.8161 -730.308 -611.6985 -956.3347 -960.0264 -849.2056 -717.034 -641.0974 -700.8972 -858.0646 -735.0346 -746.7009 -435.8912
-9999 -2193.089 -2166.09 -2218.813 -2245.874 -2284.656 -2275.53 -2263.171 -2161.354 -2057.408 -2027.967 -1981.81 -1893.285 -1855.077 -1824.235 -1827.03 -1897.9 -1943.891 -1971.273 -1944.704 -1811.001 -1603.854 -1540.468 -1399.099 -1286.904 -1114.305 -1035.321 -972.9634 -907.4235 -844.462 -792.643 -751.0587 -721.299 -697.512 -682.342 -670.3911 -673.4229 -686.2149 -728.9193 -933.908 -1155.179 -1195.08 -1216.51 -1182.554 -1081.828 -1144.391 -1242.747 -1018.337 -961.0397 -824.6792 -608.4592 -970.8162 -1106.348 -953.5339 -779.3045 -708.1942 -644.3457 -835.6735 -803.0806 -502.8845 -238.3895
-9999 -2263.618 -2200.371 -2252.738 -2278.015 -2311.656 -2294.036 -2271.027 -2171.794 -2115.396 -2065.327 -1985.823 -1931.682 -1886.361 -1843.151 -1909.905 -1996.645 -2015.358 -1977.695 -1887.756 -1756.303 -1619.223 -1467.146 -1309.36 -1213.521 -1113.629 -1049.176 -995.5922 -944.3211 -891.9904 -842.4769 -805.5717 -780.0794 -770.4777 -779.2155 -794.8707 -776.5565 -746.524 -799.5686 -860.393 -1051.814 -1243.302 -1282.564 -1263.009 -1235.77 -1316.687 -1275.334 -1096.914 -872.7335 -679.7352 -583.3578 -865.9808 -1164.453 -1111.11 -945.2963 -847.7078 -681.3638 -578.4411 -497.048 -208.7443 -109.397
-9999 -2312.931 -2275.418 -2308.825 -2331.11 -2309.982 -2305.478 -2279.607 -2206.513 -2136.532 -2059.05 -2007.637 -1960.36 -1937.415 -1957.266 -2021.865 -2052.694 -2013.799 -1889.182 -1802.281 -1692.81 -1617.421 -1466.652 -1331.032 -1231.989 -1140.514 -1076.234 -1026.75 -980.9548 -942.0936 -905.7307 -877.7245 -871.1017 -886.4627 -889.904 -855.8047 -793.3553 -748.9393 -781.0657 -835.0497 -947.0248 -1139.826 -1318.482 -1375.782 -1399.101 -1422.204 -1227.489 -1136.2 -1021.925 -770.1215 -689.2464 -692.4277 -996.7864 -1225.184 -1124.831 -893.4619 -711.4189 -488.5722 -285.9139 -125.3956 -107.3446
-9999 -2348.193 -2350.431 -2349.549 -2358.957 -2329.916 -2315.604 -2287.343 -2232.801 -2117.925 -2074.775 -2035.441 -2005.518 -1999.705 -2035.854 -2078.816 -2043.258 -1943 -1852.557 -1657.608 -1546.219 -1461.043 -1418.415 -1329.392 -1243.033 -1163.751 -1108.817 -1066.61 -1024.742 -994.1359 -972.016 -962.7405 -960.8376 -960.4031 -920.39 -848.6801 -802.1105 -771.8339 -775.7208 -910.2172 -1044.636 -1189.037 -1317.534 -1415.816 -1445.399 -1429.009 -1351.776 -1282.007 -1151.057 -953.8475 -744.4097 -651.1065 -892.2394 -1154.23 -1251.447 -881.1277 -665.782 -475.462 -208.3528 -114.1021 -108.2263
-9999 -2378.571 -2384.362 -2388.541 -2365.232 -2348.519 -2323.575 -2285.909 -2240.258 -2145.751 -2100.314 -2071.59 -2041.212 -2062.067 -2104.183 -2085.615 -2004.595 -1920.017 -1805.978 -1606.047 -1485.581 -1429.198 -1382.224 -1316.536 -1246.765 -1185.467 -1139.228 -1101.592 -1071.045 -1046.638 -1029.148 -1020.796 -1018.067 -1002.355 -924.6819 -865.1133 -824.4251 -791.3182 -774.5733 -827.2869 -1125.383 -1251.398 -1392.297 -1463.86 -1528.946 -1517.463 -1481.179 -1416.474 -1317.913 -1087.385 -865.6693 -725.367 -823.624 -1077.573 -1257.378 -1164.812 -714.4677 -468.1301 -235.8833 -111.4027 -107.1321
-9999 -2421.053 -2410.694 -2396.527 -2364.301 -2335.214 -2312.199 -2280.554 -2246.18 -2192.757 -2114.515 -2092.755 -2112.192 -2125.983 -2105.867 -2073.63 -2044.14 -1956.243 -1802.233 -1634.693 -1524.478 -1440.261 -1389.296 -1330.945 -1268.17 -1211.894 -1170.943 -1137.508 -1110.391 -1090.965 -1078.57 -1068.552 -1057.138 -1022.733 -944.7963 -896.6612 -857.715 -828.121 -808.2236 -928.6894 -1141.68 -1285.154 -1449.502 -1586.378 -1632.707 -1653.316 -1574.255 -1489.925 -1395.204 -1216.237 -1115.396 -867.4478 -857.5491 -1045.777 -1411.862 -1200.148 -628.9815 -345.139 -153.8332 -109.6791 -104.6385
-9999 -2446.638 -2421.323 -2383.207 -2358.628 -2340.839 -2322.395 -2291.199 -2258.74 -2208.976 -2140.732 -2114.158 -2143.49 -2141.674 -2098.588 -2053.807 -1963.201 -1911.396 -1809.773 -1659.87 -1542.324 -1460.703 -1402.713 -1349.026 -1284.999 -1241.222 -1205.766 -1174.753 -1149.854 -1131.044 -1120.258 -1111.854 -1094.705 -1040.841 -976.0467 -946.6053 -903.6352 -879.2607 -864.19 -909.3286 -1167.678 -1248.188 -1375.172 -1594.954 -1716.636 -1770.588 -1700.998 -1606.994 -1442.372 -1371.656 -1238.257 -1122.428 -1177.545 -1273.224 -1437.116 -1063.486 -589.5957 -288.4352 -148.5289 -110.3007 -106.0067
-9999 -2435.347 -2414.37 -2395.075 -2380.077 -2366.496 -2335.379 -2311.224 -2275.472 -2239.999 -2174.451 -2153.74 -2178.096 -2134.062 -2061.037 -1982.69 -1880.696 -1849.063 -1725.154 -1604.051 -1544.761 -1480.37 -1431.068 -1367.719 -1306.711 -1265.25 -1236.129 -1212.885 -1190.421 -1172.824 -1160.803 -1143.403 -1125.475 -1070.731 -1021.525 -995.65 -979.2963 -939.5167 -932.5784 -915.7723 -1005.234 -1246.828 -1406.969 -1571.251 -1790.719 -1846.219 -1835.912 -1793.908 -1710.36 -1546.467 -1432.726 -1366.19 -1372.035 -1440.505 -1372.791 -828.1102 -353.8493 -220.3036 -117.8274 -103.8841 -102.2992
-9999 -2438.934 -2411.423 -2371.615 -2327.331 -2322.794 -2301.64 -2299.138 -2292.543 -2265.08 -2221.933 -2209.506 -2175.885 -2104.652 -1997.912 -1907.301 -1813.544 -1732.836 -1699.179 -1634.649 -1572.057 -1507.507 -1447.134 -1386.433 -1332.408 -1291.879 -1261.771 -1240.942 -1226.125 -1218.921 -1201.109 -1175.649 -1153.706 -1104.974 -1075.427 -1055.1 -1045.672 -1032.099 -966.6963 -964.317 -1000.955 -1071.944 -1242.231 -1541.249 -1841.827 -1880.07 -1810.068 -1689.922 -1746.59 -1740.07 -1675.862 -1623.929 -1593.715 -1409.9 -985.314 -522.7312 -166.5222 -120.8707 -108.033 -103.8871 -100.745
-9999 -2400.984 -2378.685 -2358.458 -2281.801 -2263.197 -2239.147 -2205.604 -2129.866 -2205.596 -2226.876 -2199.167 -2117.038 -2011.004 -1865.32 -1859.016 -1817.921 -1743.498 -1689.525 -1639.309 -1592.114 -1539.871 -1471.511 -1407.345 -1355.603 -1317.847 -1288.753 -1269.391 -1256.948 -1269.867 -1240.313 -1209.633 -1190.684 -1161.141 -1149.056 -1145.398 -1130.292 -1052.194 -1015.187 -1015.779 -1024.258 -1074.82 -1199.715 -1396.594 -1810.34 -1920.387 -1823.751 -1480.096 -1347.057 -1393.797 -1394.079 -1243.504 -1092.738 -887.3392 -599.6469 -302.0638 -122.5309 -110.902 -105.7108 -102.7324 -99.21363
-9999 -2290.32 -2273.452 -2290.893 -2232.333 -2200.73 -2197.868 -2154.188 -2058.925 -2056.519 -2007.16 -1993.657 -1905.221 -1876.555 -1842.719 -1810.765 -1776.487 -1742.902 -1708.908 -1671.167 -1634.933 -1570.372 -1491.669 -1421.929 -1372.395 -1340.229 -1319.169 -1302.874 -1292.036 -1308.532 -1279.805 -1245.81 -1240.619 -1244.116 -1244.967 -1189.645 -1110.643 -1069.84 -1049.183 -1043.02 -1053.009 -1125.515 -1282.694 -1493.361 -1760.721 -1948.706 -1885.757 -1592.637 -1443.337 -1149.472 -942.9524 -756.1591 -621.5427 -539.5602 -314.4124 -152.7021 -116.8975 -108.2777 -103.2999 -100.8099 -97.46654
-9999 -2225.947 -2189.042 -2166.875 -2126.986 -2100.657 -2114.572 -2079.149 -2031.458 -1994.691 -1974.3 -1961.881 -1929.151 -1922.874 -1895.574 -1860.239 -1825.082 -1783.391 -1745.95 -1708.233 -1661.535 -1588.358 -1503.522 -1435.459 -1396.634 -1394.315 -1353.666 -1344.017 -1337.546 -1338.985 -1328.326 -1293.931 -1296.974 -1298.662 -1257.312 -1185.451 -1138.911 -1098.037 -1076.552 -1085.325 -1105.45 -1263.369 -1467.635 -1639.209 -1940.751 -2004.552 -1911.961 -1742.005 -1574.77 -1270.23 -1067.221 -831.095 -665.2247 -543.4705 -330.8182 -147.5729 -111.2629 -106.6211 -102.1735 -99.00776 -95.90668
-9999 -2227.887 -2200.868 -2168.146 -2126.337 -2178.584 -2182.974 -2152.493 -2039.92 -2043.978 -2018.975 -2034.717 -2011.108 -2000.155 -1955.561 -1926.935 -1874.5 -1828.996 -1781.938 -1732.995 -1683.762 -1604.138 -1519.124 -1462.91 -1494.052 -1464.019 -1394.609 -1393.716 -1389.229 -1371.625 -1400.954 -1360.276 -1339.72 -1341.016 -1300.627 -1238.109 -1181.713 -1137.268 -1117.55 -1138.98 -1173.515 -1293.227 -1597.266 -1811.986 -2065.036 -1967.615 -1673 -1675.569 -1731.991 -1474.251 -1020.135 -688.5313 -550.8432 -394.8659 -240.1627 -123.199 -110.7394 -103.5513 -99.74007 -97.43401 -93.11094
-9999 -2249.195 -2221.495 -2185.381 -2214.591 -2271.87 -2246.124 -2172.667 -2104.698 -2084.187 -2101.9 -2124.298 -2077.865 -2061.671 -2026.422 -1962.066 -1909.338 -1858.971 -1807.219 -1749.849 -1709.247 -1713.933 -1620.162 -1572.517 -1664.373 -1517.992 -1458.588 -1442.625 -1426.896 -1423.781 -1431.456 -1416.954 -1374.193 -1360.451 -1360.682 -1285.115 -1227.701 -1185.302 -1183.279 -1312.493 -1275.658 -1349.813 -1581.175 -1860.207 -2103.834 -1956.012 -1597.367 -1475.033 -1653.118 -1452.916 -1141.25 -829.3793 -507.6134 -350.5629 -205.8886 -117.0017 -105.1989 -101.0306 -94.56348 -90.69456 -81.62307
-9999 -2268.378 -2247.259 -2235.48 -2336.68 -2351.435 -2312.527 -2224.944 -2256.437 -2194.091 -2215.123 -2185.164 -2150.324 -2123.399 -2097.887 -2013.517 -1951.738 -1888.268 -1858.168 -1843.394 -1855.362 -1761.887 -1756.698 -1815.268 -1741.728 -1564.227 -1610.254 -1544.816 -1523.717 -1530.853 -1500.339 -1429.709 -1392.009 -1406.586 -1417.391 -1369.601 -1285.335 -1242.958 -1284.156 -1513.142 -1470.266 -1670.576 -1856.15 -2084.239 -2116.004 -1775.742 -1535.796 -1387.667 -1583.412 -1333.637 -1116.234 -750.8091 -447.4321 -266.7849 -141.5917 -111.8236 -100.7495 -92.90128 -85.66932 -66.94222 -60.23714
-9999 -2320.285 -2301.778 -2405.921 -2479.687 -2441.35 -2306.295 -2322.052 -2359.542 -2321.229 -2276.519 -2225.658 -2192.87 -2156.68 -2289.746 -2039.898 -1976.68 -1933.684 -2013.139 -1966.481 -1940.804 -1820.225 -1997.489 -1900.824 -1723.611 -1722.853 -1729.326 -1698.934 -1651.752 -1571.925 -1480.153 -1431.039 -1415.067 -1415.613 -1432.539 -1424.021 -1357.128 -1321.212 -1419.871 -1614.865 -1707.288 -1973.825 -2115.891 -2169.41 -2064.84 -1785.201 -1474.675 -1277.425 -1533.198 -1236.525 -961.7097 -745.004 -453.5839 -270.1623 -133.3261 -107.9948 -96.58578 -84.52519 -68.06387 -42.35096 -51.26157
-9999 -2370.132 -2403.635 -2476.025 -2516.886 -2510.452 -2421.511 -2444.705 -2408.729 -2383.12 -2336.79 -2318.247 -2306.469 -2305.657 -2417.056 -2351.594 -2163.795 -2121.52 -2120.096 -2107.39 -2036.639 -1952.64 -2140.906 -2079.095 -1926.494 -1910.969 -1810.189 -1795.622 -1648.07 -1534.349 -1577.225 -1516.889 -1469.195 -1440.157 -1458.113 -1461.205 -1430.137 -1382.334 -1472.412 -1750.305 -2024.389 -2190.033 -2169.148 -1937.209 -1814.622 -1636.994 -1425.98 -1143.244 -1374.225 -1351.705 -1031.002 -852.1661 -498.547 -263.7366 -132.753 -104.4731 -92.44789 -73.98211 -54.88034 -47.24181 -37.7308
